version https://git-lfs.github.com/spec/v1
oid sha256:a4d48fe617ed5ccc2d723a873276d3fea3bb81a5f0407679337369a34094e9b4
size 624217
