version https://git-lfs.github.com/spec/v1
oid sha256:26c5a30ca5d6a88c5561d8eb76d9bafae5dbe5f654afdcaf3e4639f2152cb373
size 657937
